0.8254320025444031	0.6435404419898987
0.8253526091575623	0.6435036659240723	Tr1.0

0.8262121677398682	0.6442174315452576
0.823726236820221	0.6426123976707458
0.8236886262893677	0.6424242854118347	Tr1.5

0.8237584233283997	0.6423563957214355
0.8234573602676392	0.6422973871231079
0.823523223400116	0.642220139503479
0.8231844305992126	0.6422483325004578
0.8233073949813843	0.6422072649002075
0.823438823223114	0.6423936486244202
0.8234257698059082	0.6421971917152405
0.823498010635376	0.6424671411514282
0.8234233260154724	0.6422521471977234
0.8235947489738464	0.6427637338638306	Tr1.6

0.8233195543289185	0.6423621773719788
0.8231266140937805	0.6421741247177124
0.8236073851585388	0.6427200436592102
0.8230513930320740	0.6422180533409119
0.8235262632369995	0.6422749757766724
0.8238855004310608	0.6427994966506958
0.8236859440803528	0.6426088213920593
0.8229121565818787	0.6418660879135132
0.8232361674308777	0.642315685749054
0.8235101699829102	0.6423547267913818
0.8230647444725037	0.6422528624534607
0.8232238292694092	0.6422023773193359
0.8235228061676025	0.6424131393432617	Tr1.7